1.976065700000000049e+02
1.980778049499191127e+02
1.985490143974090529e+02
1.990201983390684859e+02
1.994913567714962710e+02
1.999624896912911254e+02
2.004335970950518799e+02
2.009046789793772234e+02
2.013757353408660151e+02
2.018467661761170007e+02
2.023177714817289541e+02
2.027887512543006210e+02
2.032597054904308322e+02
2.037306341867183335e+02
2.042015373397618703e+02
2.046724149461601883e+02
2.051432670025121752e+02
2.056140935054165197e+02
2.060848944514720529e+02
2.065556698372774633e+02
2.070264196594315820e+02
2.074971439145332113e+02
2.079678425991810684e+02
2.084385157099739274e+02
2.089091632435106192e+02
2.093797851963898609e+02
2.098503815652104265e+02
2.103209523465711186e+02
2.107914975370707111e+02
2.112620171333079497e+02
2.117325111318816369e+02
2.122029795293905750e+02
2.126734223224334528e+02
2.131438395076090728e+02
2.136142310815162375e+02
2.140845970407537209e+02
2.145549373819202970e+02
2.150252521016146829e+02
2.154955411964357666e+02
2.159658046629821797e+02
2.164360424978528101e+02
2.169062546976463750e+02
2.173764412589616768e+02
2.178466021783974327e+02
2.183167374525524735e+02
2.187868470780255450e+02
2.192569310514154779e+02
2.197269893693209895e+02
2.201970220283408253e+02
2.206670290250738447e+02
2.211370103561187648e+02
2.216069660180743313e+02
2.220768960075394034e+02
2.225468003211126984e+02
2.230166789553929902e+02
2.234865319069790530e+02
2.239563591724696892e+02
2.244261607484636443e+02
2.248959366315597208e+02
2.253656868183566360e+02
2.258354113054532206e+02
2.263051100894481920e+02
2.267747831669403809e+02
2.272444305345285613e+02
2.277140521888114790e+02
2.281836481263879080e+02
2.286532183438566221e+02
2.291227628378164241e+02
2.295922816048660309e+02
2.300617746416042451e+02
2.305312419446298406e+02
2.310006835105415917e+02
2.314700993359383290e+02
2.319394894174187414e+02
2.324088537515816597e+02
2.328781923350258012e+02
2.333475051643499683e+02
2.338167922361529349e+02
2.342860535470334753e+02
2.347552890935903918e+02
2.352244988724224015e+02
2.356936828801283070e+02
2.361628411133069108e+02
2.366319735685569299e+02
2.371010802424771668e+02
2.375701611316664241e+02
2.380392162327234473e+02
2.385082455422469536e+02
2.389772490568358023e+02
2.394462267730887959e+02
2.399151786876045662e+02
2.403841047969820011e+02
2.408530050978198176e+02
2.413218795867168183e+02
2.417907282602718340e+02
2.422595511150834966e+02
2.427283481477507223e+02
2.431971193548721999e+02
2.436658647330467033e+02
2.441345842788730351e+02
2.446032779889499693e+02
2.450719458598763083e+02
2.455405878882507693e+02
2.460092040706721548e+02
2.464777944037392388e+02
2.469463588840507384e+02
2.474148975082055131e+02
2.478834102728023083e+02
2.483518971744398698e+02
2.488203582097169999e+02
2.492887933752324443e+02
2.497572026675850339e+02
2.502255860833734857e+02
2.506939436191965740e+02
2.511622752716531011e+02
2.516305810373418410e+02
2.520988609128615394e+02
2.525671148948109987e+02
2.530353429797889930e+02
2.535035451643942679e+02
2.539717214452255973e+02
2.544398718188817838e+02
2.549079962819616014e+02
2.553760948310637957e+02
2.558441674627871976e+02
2.563122141737305242e+02
2.567802349604925212e+02
2.572482298196720194e+02
2.577161987478677361e+02
2.581841417416785589e+02
2.586520587977030914e+02
2.591199499125402781e+02
2.595878150827888931e+02
2.600556543050475398e+02
2.605234675759151628e+02
2.609912548919903656e+02
2.614590162498720360e+02
2.619267516461589480e+02
2.623944610774498756e+02
2.628621445403435928e+02
2.633298020314388168e+02
2.637974335473343785e+02
2.642650390846289952e+02
2.647326186399214976e+02
2.652001722098106029e+02
2.656676997908951989e+02
2.661352013797739460e+02
2.666026769730456749e+02
2.670701265673091029e+02
2.675375501591630041e+02
2.680049477452062661e+02
2.684723193220374924e+02
2.689396648862556276e+02
2.694069844344593889e+02
2.698742779632474935e+02
2.703415454692186586e+02
2.708087869489718287e+02
2.712760023991056642e+02
2.717431918162189959e+02
2.722103551969105979e+02
2.726774925377792442e+02
2.731446038354235952e+02
2.736116890864425955e+02
2.740787482874348484e+02
2.745457814349992418e+02
2.750127885257345497e+02
2.754797695562394324e+02
2.759467245231128345e+02
2.764136534229534732e+02
2.768805562523600088e+02
2.773474330079313859e+02
2.778142836862662080e+02
2.782811082839633627e+02
2.787479067976215674e+02
2.792146792238397666e+02
2.796814255592163363e+02
2.801481458003505622e+02
2.806148399438408205e+02
2.810815079862859989e+02
2.815481499242849850e+02
2.820147657544363824e+02
2.824813554733391356e+02
2.829479190775917914e+02
2.834144565637934079e+02
2.838809679285425887e+02
2.843474531684379940e+02
2.848139122800786822e+02
2.852803452600631999e+02
2.857467521049904917e+02
2.862131328114591042e+02
2.866794873760680957e+02
2.871458157954159560e+02
2.876121180661016865e+02
2.880783941847238907e+02
2.885446441478814563e+02
2.890108679521731574e+02
2.894770655941976543e+02
2.899432370705538915e+02
2.904093823778404726e+02
2.908755015126562853e+02
2.913415944716000467e+02
2.918076612512705310e+02
2.922737018482664553e+02
2.927397162591868209e+02
2.932057044806301747e+02
2.936716665091954042e+02
2.941376023414812266e+02
2.946035119740863593e+02
2.950693954036096898e+02
2.955352526266499353e+02
2.960010836398059269e+02
2.964668884396764383e+02
2.969326670228601301e+02
2.973984193859558331e+02
2.978641455255623782e+02
2.983298454382784826e+02
2.987955191207028633e+02
2.992611665694344651e+02
2.997267877810719483e+02
3.001923827522140868e+02
3.006579514794595980e+02
3.011234939594074262e+02
3.015890101886561752e+02
3.020545001638046188e+02
3.025199638814517016e+02
3.029854013381961408e+02
3.034508125306365400e+02
3.039161974553718437e+02
3.043815561090007691e+02
3.048468884881221470e+02
3.053121945893346378e+02
3.057774744092371293e+02
3.062427279444283954e+02
3.067079551915069828e+02
3.071731561470720067e+02
3.076383308077220136e+02
3.081034791700558344e+02
3.085686012306722432e+02
3.090336969861700140e+02
3.094987664331480346e+02
3.099638095682047378e+02
3.104288263879393526e+02
3.108938168889503686e+02
3.113587810678365599e+02
3.118237189211967575e+02
3.122886304456297921e+02
3.127535156377343810e+02
3.132183744941092982e+02
3.136832070113533177e+02
3.141480131860652136e+02
3.146127930148437599e+02
3.150775464942877306e+02
3.155422736209958430e+02
3.160069743915669847e+02
3.164716488025998729e+02
3.169362968506933385e+02
3.174009185324460418e+02
3.178655138444568138e+02
3.183300827833243716e+02
3.187946253456475461e+02
3.192591415280251681e+02
3.197236313270559549e+02
3.201880947393387373e+02
3.206525317614721189e+02
3.211169423900549873e+02
3.215813266216861734e+02
3.220456844529642808e+02
3.225100158804883108e+02
3.229743209008568670e+02
3.234385995106688370e+02
3.239028517065228812e+02
3.243670774850178304e+02
3.248312768427524588e+02
3.252954497763254835e+02
3.257595962823357354e+02
3.262237163573820453e+02
3.266878099980630736e+02
3.271518772009775944e+02
3.276159179627246090e+02
3.280799322799025504e+02
3.285439201491103631e+02
3.290078815669468781e+02
3.294718165300108126e+02
3.299357250349009405e+02
3.303996070782158654e+02
3.308634626565547023e+02
3.313272917665159412e+02
3.317910944046984696e+02
3.322548705677010616e+02
3.327186202521224914e+02
3.331823434545615896e+02
3.336460401716169031e+02
3.341097103998874900e+02
3.345733541359720107e+02
3.350369713764691255e+02
3.355005621179777222e+02
3.359641263570965748e+02
3.364276640904245710e+02
3.368911753145601438e+02
3.373546600261024082e+02
3.378181182216500247e+02
3.382815498978017104e+02
3.387449550511562961e+02
3.392083336783124992e+02
3.396716857758692072e+02
3.401350113404249669e+02
3.405983103685788933e+02
3.410615828569294194e+02
3.415248288020755467e+02
3.419880482006159923e+02
3.424512410491494734e+02
3.429144073442748208e+02
3.433775470825906950e+02
3.438406602606960973e+02
3.443037468751895744e+02
3.447668069226700709e+02
3.452298403997362470e+02
3.456928473029868769e+02
3.461558276290209051e+02
3.466187813744368214e+02
3.470817085358336271e+02
3.475446091098099259e+02
3.480074830929646623e+02
3.484703304818965535e+02
3.489331512732042597e+02
3.493959454634867825e+02
3.498587130493425548e+02
3.503214540273707485e+02
3.507841683941697966e+02
3.512468561463387573e+02
3.517095172804761773e+02
3.521721517931808876e+02
3.526347596810517189e+02
3.530973409406874453e+02
3.535598955686868408e+02
3.540224235616485657e+02
3.544849249161715647e+02
3.549473996288544981e+02
3.554098476962961968e+02
3.558722691150953210e+02
3.563346638818508154e+02
3.567970319931613403e+02
3.572593734456256698e+02
3.577216882358426346e+02
3.581839763604110090e+02
3.586462378159294531e+02
3.591084725989968547e+02
3.595706807062119879e+02
3.600328621341735698e+02
3.604950168794803176e+02
3.609571449387312896e+02
3.614192463085249187e+02
3.618813209854600927e+02
3.623433689661356425e+02
3.628053902471503420e+02
3.632673848251029654e+02
3.637293526965921160e+02
3.641912938582168522e+02
3.646532083065757206e+02
3.651150960382675521e+02
3.655769570498911776e+02
3.660387913380453142e+02
3.665005988993288497e+02
3.669623797303403308e+02
3.674241338276787587e+02
3.678858611879427940e+02
3.683475618077312106e+02
3.688092356836427825e+02
3.692708828122762839e+02
3.697325031902306591e+02
3.701940968141043413e+02
3.706556636804963887e+02
3.711172037860054047e+02
3.715787171272303340e+02
3.720402037007698368e+02
3.725016635032226304e+02
3.729630965311877162e+02
3.734245027812635271e+02
3.738858822500491215e+02
3.743472349341431027e+02
3.748085608301444154e+02
3.752698599346516630e+02
3.757311322442637334e+02
3.761923777555793436e+02
3.766535964651972108e+02
3.771147883697162797e+02
3.775759534657351537e+02
3.780370917498527774e+02
3.784982032186676975e+02
3.789592878687788584e+02
3.794203456967850343e+02
3.798813766992849423e+02
3.803423808728773565e+02
3.808033582141609941e+02
3.812643087197347995e+02
3.817252323861973764e+02
3.821861292101475556e+02
3.826469991881841679e+02
3.831078423169058738e+02
3.835686585929116177e+02
3.840294480127999464e+02
3.844902105731699180e+02
3.849509462706200225e+02
3.854116551017490906e+02
3.858723370631561238e+02
3.863329921514396119e+02
3.867936203631984995e+02
3.872542216950314469e+02
3.877147961435373986e+02
3.881753437053149582e+02
3.886358643769629566e+02
3.890963581550801678e+02
3.895568250362653657e+02
3.900172650171173814e+02
3.904776780942348751e+02
3.909380642642167345e+02
3.913984235236616200e+02
3.918587558691684194e+02
3.923190612973357929e+02
3.927793398047626283e+02
3.932395913880476428e+02
3.936998160437895535e+02
3.941600137685872483e+02
3.946201845590393305e+02
3.950803284117448584e+02
3.955404453233023787e+02
3.960005352903106655e+02
3.964605983093686064e+02
3.969206343770748617e+02
3.973806434900283193e+02
3.978406256448275826e+02
3.983005808380717099e+02
3.987605090663591909e+02
3.992204103262889134e+02
3.996802846144597083e+02
4.001401319274701791e+02
4.005999522619193272e+02
4.010597456144057560e+02
4.015195119815282965e+02
4.019792513598857795e+02
4.024389637460768085e+02
4.028986491367002714e+02
4.033583075283549988e+02
4.038179389176397649e+02
4.042775433011530595e+02
4.047371206754941113e+02
4.051966710372613534e+02
4.056561943830536165e+02
4.061156907094697885e+02
4.065751600131085297e+02
4.070346022905687846e+02
4.074940175384490431e+02
4.079534057533483633e+02
4.084127669318653489e+02
4.088721010705988306e+02
4.093314081661475257e+02
4.097906882151103218e+02
4.102499412140859363e+02
4.107091671596730293e+02
4.111683660484705456e+02
4.116275378770772591e+02
4.120866826420917732e+02
4.125458003401129758e+02
4.130048909677395841e+02
4.134639545215705425e+02
4.139229909982043409e+02
4.143820003942400376e+02
4.148409827062762361e+02
4.152999379309118240e+02
4.157588660647453480e+02
4.162177671043758096e+02
4.166766410464019827e+02
4.171354878874224710e+02
4.175943076240362188e+02
4.180531002528418867e+02
4.185118657704383054e+02
4.189706041734241921e+02
4.194293154583983778e+02
4.198879996219596933e+02
4.203466566607067421e+02
4.208052865712384687e+02
4.212638893501534199e+02
4.217224649940506538e+02
4.221810134995287740e+02
4.226395348631866113e+02
4.230980290816229399e+02
4.235564961514364200e+02
4.240149360692260530e+02
4.244733488315903287e+02
4.249317344351283054e+02
4.253900928764385867e+02
4.258484241521198896e+02
4.263067282587711588e+02
4.267650051929911115e+02
4.272232549513784647e+02
4.276814775305319358e+02
4.281396729270505830e+02
4.285978411375328392e+02
4.290559821585776490e+02
4.295140959867837864e+02
4.299721826187499687e+02
4.304302420510750835e+02
4.308882742803577344e+02
4.313462793031968090e+02
4.318042571161910814e+02
4.322622077159392120e+02
4.327201310990401453e+02
4.331780272620925416e+02
4.336358962016952319e+02
4.340937379144468764e+02
4.345515523969464766e+02
4.350093396457925792e+02
4.354670996575840149e+02
4.359248324289196148e+02
4.363825379563980960e+02
4.368402162366184029e+02
4.372978672661789687e+02
4.377554910416788516e+02
4.382130875597167687e+02
4.386706568168913805e+02
4.391281988098015745e+02
4.395857135350460680e+02
4.400432009892238057e+02
4.405006611689332203e+02
4.409580940707734271e+02
4.414154996913429727e+02
4.418728780272407448e+02
4.423302290750654606e+02
4.427875528314158942e+02
4.432448492928909332e+02
4.437021184560891243e+02
4.441593603176094689e+02
4.446165748740506842e+02
4.450737621220114306e+02
4.455309220580905389e+02
4.459880546788868401e+02
4.464451599809991080e+02
4.469022379610260032e+02
4.473592886155664701e+02
4.478163119412190554e+02
4.482733079345828173e+02
4.487302765922562457e+02
4.491872179108383420e+02
4.496441318869277666e+02
4.501010185171232933e+02
4.505578777980236964e+02
4.510147097262277498e+02
4.514715142983343412e+02
4.519282915109420173e+02
4.523850413606497227e+02
4.528417638440562882e+02
4.532984589577602605e+02
4.537551266983606411e+02
4.542117670624559764e+02
4.546683800466452681e+02
4.551249656475271195e+02
4.555815238617004752e+02
4.560380546857640525e+02
4.564945581163163411e+02
4.569510341499566266e+02
4.574074827832831716e+02
4.578639040128950910e+02
4.583202978353910453e+02
4.587766642473698653e+02
4.592330032454303250e+02
4.596893148261710280e+02
4.601455989861909188e+02
4.606018557220886578e+02
4.610580850304632463e+02
4.615142869079131174e+02
4.619704613510373292e+02
4.624266083564345990e+02
4.628827279207035303e+02
4.633388200404430677e+02
4.637948847122519282e+02
4.642509219327289429e+02
4.647069316984727152e+02
4.651629140060823033e+02
4.656188688521562540e+02
4.660747962332932843e+02
4.665306961460924526e+02
4.669865685871521919e+02
4.674424135530716171e+02
4.678982310404492182e+02
4.683540210458839965e+02
4.688097835659745556e+02
4.692655185973196694e+02
4.697212261365183394e+02
4.701769061801689986e+02
4.706325587248707052e+02
4.710881837672220058e+02
4.715437813038219019e+02
4.719993513312690538e+02
4.724548938461621788e+02
4.729104088451001076e+02
4.733658963246816143e+02
4.738213562815055298e+02
4.742767887121704575e+02
4.747321936132753990e+02
4.751875709814189008e+02
4.756429208132000213e+02
4.760982431052173069e+02
4.765535378540694182e+02
4.770088050563555271e+02
4.774640447086739528e+02
4.779192568076238672e+02
4.783744413498037602e+02
4.788295983318125764e+02
4.792847277502491465e+02
4.797398296017119037e+02
4.801949038827999630e+02
4.806499505901119278e+02
4.811049697202466859e+02
4.815599612698028409e+02
4.820149252353793941e+02
4.824698616135750058e+02
4.829247704009883364e+02
4.833796515942183305e+02
4.838345051898635916e+02
4.842893311845231779e+02
4.847441295747955223e+02
4.851989003572797401e+02
4.856536435285743778e+02
4.861083590852780958e+02
4.865630470239900092e+02
4.870177073413085509e+02
4.874723400338327792e+02
4.879269450981612977e+02
4.883815225308929371e+02
4.888360723286265284e+02
4.892905944879606182e+02
4.897450890054943216e+02
4.901995558778260147e+02
4.906539951015549264e+02
4.911084066732793758e+02
4.915627905895984782e+02
4.920171468471108938e+02
4.924714754424152829e+02
4.929257763721106471e+02
4.933800496327954761e+02
4.938342952210688281e+02
4.942885131335292499e+02
4.947427033667757428e+02
4.951968659174068534e+02
4.956510007820214128e+02
4.961051079572183653e+02
4.965591874395962009e+02
4.970132392257539777e+02
4.974672633122902425e+02
4.979212596958039967e+02
4.983752283728937869e+02
4.988291693401584439e+02
4.992830825941969124e+02
4.997369681316076253e+02
5.001908259489898114e+02
5.006446560429417332e+02
5.010984584100626194e+02
5.015522330469510166e+02
5.020059799502057558e+02
5.024596991164255542e+02
5.029133905422091857e+02
5.033670542241554813e+02
5.038206901588631581e+02
5.042742983429311607e+02
5.047278787729579790e+02
5.051814314455426711e+02
5.056349563572838406e+02
5.060884535047801478e+02
5.065419228846307078e+02
5.069953644934338968e+02
5.074487783277888298e+02
5.079021643842941103e+02
5.083555226595485692e+02
5.088088531501509806e+02
5.092621558527000047e+02
5.097154307637945863e+02
5.101686778800332718e+02
5.106218971980151196e+02
5.110750887143386763e+02
5.115282524256028864e+02
5.119813883284064104e+02
5.124344964193480791e+02
5.128875766950266097e+02
5.133406291520407194e+02
5.137936537869893527e+02
5.142466505964711132e+02
5.146996195770849454e+02
5.151525607254295664e+02
5.156054740381035799e+02
5.160583595117061577e+02
5.165112171428355623e+02
5.169640469280909656e+02
5.174168488640707437e+02
5.178696229473741823e+02
5.183223691745997712e+02
5.187750875423462276e+02
5.192277780472124959e+02
5.196804406857971799e+02
5.201330754546992239e+02
5.205856823505171178e+02
5.210382613698500336e+02
5.214908125092964610e+02
5.219433357654552310e+02
5.223958311349251744e+02
5.228482986143050084e+02
5.233007382001935639e+02
5.237531498891894444e+02
5.242055336778917081e+02
5.246578895628988448e+02
5.251102175408099129e+02
5.255625176082234020e+02
5.260147897617382569e+02
5.264670339979533082e+02
5.269192503134670460e+02
5.273714387048786421e+02
5.278235991687864725e+02
5.282757317017897094e+02
5.287278363004867288e+02
5.291799129614765889e+02
5.296319616813580069e+02
5.300839824567295864e+02
5.305359752841903855e+02
5.309879401603387805e+02
5.314398770817739432e+02
5.318917860450945909e+02
5.323436670468992133e+02
5.327955200837868688e+02
5.332473451523561607e+02
5.336991422492060337e+02
5.341509113709349776e+02
5.346026525141420507e+02
5.350543656754260837e+02
5.355060508513855666e+02
5.359577080386193302e+02
5.364093372337262053e+02
5.368609384333051366e+02
5.373125116339546139e+02
5.377640568322735817e+02
5.382155740248607572e+02
5.386670632083148575e+02
5.391185243792348274e+02
5.395699575342191565e+02
5.400213626698670168e+02
5.404727397827768982e+02
5.409240888695476315e+02
5.413754099267779338e+02
5.418267029510666362e+02
5.422779679390125693e+02
5.427292048872144505e+02
5.431804137922712243e+02
5.436315946507812669e+02
5.440827474593436364e+02
5.445338722145571637e+02
5.449849689130203387e+02
5.454360375513322197e+02
5.458870781260914100e+02
5.463380906338968543e+02
5.467890750713470425e+02
5.472400314350410326e+02
5.476909597215775420e+02
5.481418599275552879e+02
5.485927320495729873e+02
5.490435760842293575e+02
5.494943920281234568e+02
5.499451798778536613e+02
5.503959396300193703e+02
5.508466712812186188e+02
5.512973748280505788e+02
5.517480502671141949e+02
5.521986975950077294e+02
5.526493168083303544e+02
5.530999079036807871e+02
5.535504708776576308e+02
5.540010057268597166e+02
5.544515124478861026e+02
5.549019910373352786e+02
5.553524414918058483e+02
5.558028638078969834e+02
5.562532579822072876e+02
5.567036240113354779e+02
5.571539618918803853e+02
5.576042716204408407e+02
5.580545531936155612e+02
5.585048066080031504e+02
5.589550318602026664e+02
5.594052289468127128e+02
5.598553978644322342e+02
5.603055386096597204e+02
5.607556511790943432e+02
5.612057355693345926e+02
5.616557917769789583e+02
5.621058197986269533e+02
5.625558196308767265e+02
5.630057912703273360e+02
5.634557347135773853e+02
5.639056499572259327e+02
5.643555369978714680e+02
5.648053958321128221e+02
5.652552264565489395e+02
5.657050288677783101e+02
5.661548030623999921e+02
5.666045490370125890e+02
5.670542667882150454e+02
5.675039563126058511e+02
5.679536176067839506e+02
5.684032506673480611e+02
5.688528554908971273e+02
5.693024320740297526e+02
5.697519804133446542e+02
5.702015005054408903e+02
5.706509923469169507e+02
5.711004559343716664e+02
5.715498912644039819e+02
5.719992983336123871e+02
5.724486771385959401e+02
5.728980276759531307e+02
5.733473499422831310e+02
5.737966439341842033e+02
5.742459096482556333e+02
5.746951470810957971e+02
5.751443562293035257e+02
5.755935370894778771e+02
5.760426896582173413e+02
5.764918139321208628e+02
5.769409099077870451e+02
5.773899775818148328e+02
5.778390169508029430e+02
5.782880280113499794e+02
5.787370107600551137e+02
5.791859651935166085e+02
5.796348913083336356e+02
5.800837891011047986e+02
5.805326585684289284e+02
5.809814997069048559e+02
5.814303125131310708e+02
5.818790969837067450e+02
5.823278531152302548e+02
5.827765809043008858e+02
5.832252803475169003e+02
5.836739514414772430e+02
5.841225941827808583e+02
5.845712085680262362e+02
5.850197945938124349e+02
5.854683522567379441e+02
5.859168815534017085e+02
5.863653824804024453e+02
5.868138550343390989e+02
5.872622992118103866e+02
5.877107150094146846e+02
5.881591024237512784e+02
5.886074614514186578e+02
5.890557920890158812e+02
5.895040943331413246e+02
5.899523681803940462e+02
5.904006136273727634e+02
5.908488306706759658e+02
5.912970193069029392e+02
5.917451795326520596e+02
5.921933113445223853e+02
5.926414147391125198e+02
5.930894897130211803e+02
5.935375362628473113e+02
5.939855543851894026e+02
5.944335440766467400e+02
5.948815053338174721e+02
5.953294381533008846e+02
5.957773425316953535e+02
5.962252184656001646e+02
5.966730659516135802e+02
5.971208849863345449e+02
5.975686755663618897e+02
5.980164376882942179e+02
5.984641713487307015e+02
5.989118765442696031e+02
5.993595532715100944e+02
5.998072015270507791e+02
6.002548213074904879e+02
6.007024126094279382e+02
6.011499754294617333e+02
6.015975097641910452e+02
6.020450156102143637e+02
6.024924929641306335e+02
6.029399418225383442e+02
6.033873621820365543e+02
6.038347540392240944e+02
6.042821173906994545e+02
6.047294522330614654e+02
6.051767585629090718e+02
6.056240363768409907e+02
6.060712856714558256e+02
6.065185064433525213e+02
6.069656986891299084e+02
6.074128624053865906e+02
6.078599975887213986e+02
6.083071042357330498e+02
6.087541823430204886e+02
6.092012319071823185e+02
6.096482529248174842e+02
6.100952453925245891e+02
6.105422093069024640e+02
6.109891446645500537e+02
6.114360514620657341e+02
6.118829296960486772e+02
6.123297793630973729e+02
6.127766004598108793e+02
6.132233929827878001e+02
6.136701569286267386e+02
6.141168922939268668e+02
6.145635990752865609e+02
6.150102772693048792e+02
6.154569268725804250e+02
6.159035478817121430e+02
6.163501402932986366e+02
6.167967041039386231e+02
6.172432393102311607e+02
6.176897459087748530e+02
6.181362238961684170e+02
6.185826732690105700e+02
6.190290940239004840e+02
6.194754861574366487e+02
6.199218496662175539e+02
6.203681845468424854e+02
6.208144907959098191e+02
6.212607684100187271e+02
6.217070173857675854e+02
6.221532377197554524e+02
6.225994294085810452e+02
6.230455924488428536e+02
6.234917268371401633e+02
6.239378325700712367e+02
6.243839096442351320e+02
6.248299580562305664e+02
6.252759778026563708e+02
6.257219688801112625e+02
6.261679312851940722e+02
6.266138650145034035e+02
6.270597700646380872e+02
6.275056464321970680e+02
6.279514941137790629e+02
6.283973131059826756e+02
6.288431034054067368e+02
6.292888650086501912e+02
6.297345979123117559e+02
6.301803021129900344e+02
6.306259776072839713e+02
6.310716243917920565e+02
6.315172424631136892e+02
6.319628318178469044e+02
6.324083924525909879e+02
6.328539243639445431e+02
6.332994275485061735e+02
6.337449020028749374e+02
6.341903477236494382e+02
6.346357647074287343e+02
6.350811529508109743e+02
6.355265124503956713e+02
6.359718432027810877e+02
6.364171452045661681e+02
6.368624184523497433e+02
6.373076629427304169e+02
6.377528786723072471e+02
6.381980656376786101e+02
6.386432238354436777e+02
6.390883532622010534e+02
6.395334539145493409e+02
6.399785257890874846e+02
6.404235688824143153e+02
6.408685831911285504e+02
6.413135687118289070e+02
6.417585254411142159e+02
6.422034533755834218e+02
6.426483525118349007e+02
6.430932228464677110e+02
6.435380643760805697e+02
6.439828770972721941e+02
6.444276610066413014e+02
6.448724161007869498e+02
6.453171423763077428e+02
6.457618398298022839e+02
6.462065084578696315e+02
6.466511482571083889e+02
6.470957592241173870e+02
6.475403413554953431e+02
6.479848946478412017e+02
6.484294190977533390e+02
6.488739147018310405e+02
6.493183814566727960e+02
6.497628193588773229e+02
6.502072284050435655e+02
6.506516085917702412e+02
6.510959599156559534e+02
6.515402823732997604e+02
6.519845759613002656e+02
6.524288406762565273e+02
6.528730765147666943e+02
6.533172834734301659e+02
6.537614615488453182e+02
6.542056107376110958e+02
6.546497310363263296e+02
6.550938224415897366e+02
6.555378849500000342e+02
6.559819185581559395e+02
6.564259232626563971e+02
6.568698990601001242e+02
6.573138459470858379e+02
6.577577639202122555e+02
6.582016529760784351e+02
6.586455131112828667e+02
6.590893443224243811e+02
6.595331466061019228e+02
6.599769199589139816e+02
6.604206643774595022e+02
6.608643798583372018e+02
6.613080663981459111e+02
6.617517239934845747e+02
6.621953526409514552e+02
6.626389523371458381e+02
6.630825230786662132e+02
6.635260648621114115e+02
6.639695776840802637e+02
6.644130615411716008e+02
6.648565164299841399e+02
6.652999423471163709e+02
6.657433392891676931e+02
6.661867072527362552e+02
6.666300462344211155e+02
6.670733562308209912e+02
6.675166372385348268e+02
6.679598892541612258e+02
6.684031122742987918e+02
6.688463062955465830e+02
6.692894713145034302e+02
6.697326073277678233e+02
6.701757143319387069e+02
6.706187923236147981e+02
6.710618412993950415e+02
6.715048612558779269e+02
6.719478521896623988e+02
6.723908140973471745e+02
6.728337469755310849e+02
6.732766508208127334e+02
6.737195256297912920e+02
6.741623713990650231e+02
6.746051881252330986e+02
6.750479758048941221e+02
6.754907344346468108e+02
6.759334640110901091e+02
6.763761645308226207e+02
6.768188359904431763e+02
6.772614783865507206e+02
6.777040917157437434e+02
6.781466759746211892e+02
6.785892311597817752e+02
6.790317572678243323e+02
6.794742542953475777e+02
6.799167222389503422e+02
6.803591610952312294e+02
6.808015708607892975e+02
6.812439515322231500e+02
6.816863031061313905e+02
6.821286255791133044e+02
6.825709189477670407e+02
6.830131832086918848e+02
6.834554183584860994e+02
6.838976243937490835e+02
6.843398013110792135e+02
6.847819491070752065e+02
6.852240677783360070e+02
6.856661573214603322e+02
6.861082177330470131e+02
6.865502490096947668e+02
6.869922511480025378e+02
6.874342241445688160e+02
6.878761679959924322e+02
6.883180826988723311e+02
6.887599682498070024e+02
6.892018246453955044e+02
6.896436518822365542e+02
6.900854499569288691e+02
6.905272188660712800e+02
6.909689586062623903e+02
6.914106691741011446e+02
6.918523505661862600e+02
6.922940027791165676e+02
6.927356258094906707e+02
6.931772196539076276e+02
6.936187843089661555e+02
6.940603197712646306e+02
6.945018260374022248e+02
6.949433031039775415e+02
6.953847509675895253e+02
6.958261696248368935e+02
6.962675590723181358e+02
6.967089193066325379e+02
6.971502503243784759e+02
6.975915521221547806e+02
6.980328246965602830e+02
6.984740680441938139e+02
6.989152821616542042e+02
6.993564670455399437e+02
6.997976226924500907e+02
7.002387490989831349e+02
7.006798462617382484e+02
7.011209141773138072e+02
7.015619528423087559e+02
7.020029622533220390e+02
7.024439424069520328e+02
7.028848932997979091e+02
7.033258149284582714e+02
7.037667072895319507e+02
7.042075703796174366e+02
7.046484041953139013e+02
7.050892087332199480e+02
7.055299839899342942e+02
7.059707299620557706e+02
7.064114466461830943e+02
7.068521340389152101e+02
7.072927921368506077e+02
7.077334209365883453e+02
7.081740204347271401e+02
7.086145906278655957e+02
7.090551315126027703e+02
7.094956430855370400e+02
7.099361253432675767e+02
7.103765782823927566e+02
7.108170018995117516e+02
7.112573961912231653e+02
7.116977611541256010e+02
7.121380967848182308e+02
7.125784030798994308e+02
7.130186800359682593e+02
7.134589276496230923e+02
7.138991459174633292e+02
7.143393348360872324e+02
7.147794944020937464e+02
7.152196246120815886e+02
7.156597254626497033e+02
7.160997969503966942e+02
7.165398390719212784e+02
7.169798518238224005e+02
7.174198352026987777e+02
7.178597892051492408e+02
7.182997138277723934e+02
7.187396090671671800e+02
7.191794749199323178e+02
7.196193113826664103e+02
7.200591184519686294e+02
7.204988961244372376e+02
7.209386443966715206e+02
7.213783632652698543e+02
7.218180527268312972e+02
7.222577127779544526e+02
7.226973434152380378e+02
7.231369446352809973e+02
7.235765164346820484e+02
7.240160588100399082e+02
7.244555717579535212e+02
7.248950552750212637e+02
7.253345093578425349e+02
7.257739340030153699e+02
7.262133292071391679e+02
7.266526949668124189e+02
7.270920312786339537e+02
7.275313381392026031e+02
7.279706155451168570e+02
7.284098634929757736e+02
7.288490819793780702e+02
7.292882710009225775e+02
7.297274305542077855e+02
7.301665606358329796e+02
7.306056612423964225e+02
7.310447323704970586e+02
7.314837740167338325e+02
7.319227861777053477e+02
7.323617688500103213e+02
7.328007220302476981e+02
7.332396457150161950e+02
7.336785399009145294e+02
7.341174045845415321e+02
7.345562397624959203e+02
7.349950454313764112e+02
7.354338215877820630e+02
7.358725682283112519e+02
7.363112853495630361e+02
7.367499729481362465e+02
7.371886310206292592e+02
7.376272595636413598e+02
7.380658585737708108e+02
7.385044280476168979e+02
7.389429679817779970e+02
7.393814783728530529e+02
7.398199592174407826e+02
7.402584105121401308e+02
7.406968322535495872e+02
7.411352244382680965e+02
7.415735870628944895e+02
7.420119201240272560e+02
7.424502236182655679e+02
7.428884975422079151e+02
7.433267418924531285e+02
7.437649566656000388e+02
7.442031418582473634e+02
7.446412974669939331e+02
7.450794234884384650e+02
7.455175199191797901e+02
7.459555867558166256e+02
7.463936239949478022e+02
7.468316316331721509e+02
7.472696096670880479e+02
7.477075580932948924e+02
7.481454769083909468e+02
7.485833661089752695e+02
7.490212256916464639e+02
7.494590556530034746e+02
7.498968559896450188e+02
7.503346266981696999e+02
7.507723677751764626e+02
7.512100792172640240e+02
7.516477610210313287e+02
7.520854131830768665e+02
7.525230356999996957e+02
7.529606285683983060e+02
7.533981917848715284e+02
7.538357253460184211e+02
7.542732292484373602e+02
7.547107034887274040e+02
7.551481480634870422e+02
7.555855629693155606e+02
7.560229482028113352e+02
7.564603037605730833e+02
7.568976296391997494e+02
7.573349258352899369e+02
7.577721923454427042e+02
7.582094291662566548e+02
7.586466362943306194e+02
7.590838137262633154e+02
7.595209614586534599e+02
7.599580794880999974e+02
7.603951678112014179e+02
7.608322264245567794e+02
7.612692553247647993e+02
7.617062545084241947e+02
7.621432239721337965e+02
7.625801637124922081e+02
7.630170737260984879e+02
7.634539540095511256e+02
7.638908045594490659e+02
7.643276253723909122e+02
7.647644164449757227e+02
7.652011777738019873e+02
7.656379093554687643e+02
7.660746111865746570e+02
7.665112832637183828e+02
7.669479255834987725e+02
7.673845381425144296e+02
7.678211209373645261e+02
7.682576739646475517e+02
7.686941972209624510e+02
7.691306907029078275e+02
7.695671544070823984e+02
7.700035883300852220e+02
7.704399924685147880e+02
7.708763668189700411e+02
7.713127113780496984e+02
7.717490261423525908e+02
7.721853111084774355e+02
7.726215662730229496e+02
7.730577916325879642e+02
7.734939871837713099e+02
7.739301529231717041e+02
7.743662888473878638e+02
7.748023949530187338e+02
7.752384712366629174e+02
7.756745176949191318e+02
7.761105343243864354e+02
7.765465211216633179e+02
7.769824780833487239e+02
7.774184052060412569e+02
7.778543024863399751e+02
7.782901699208434820e+02
7.787260075061503812e+02
7.791618152388597309e+02
7.795975931155701346e+02
7.800333411328805369e+02
7.804690592873894275e+02
7.809047475756959784e+02
7.813404059943986795e+02
7.817760345400961342e+02
7.822116332093876281e+02
7.826472019988714237e+02
7.830827409051465793e+02
7.835182499248118120e+02
7.839537290544659527e+02
7.843891782907077186e+02
7.848245976301358269e+02
7.852599870693491084e+02
7.856953466049461667e+02
7.861306762335261737e+02
7.865659759516876193e+02
7.870012457560293342e+02
7.874364856431500357e+02
7.878716956096485546e+02
7.883068756521237219e+02
7.887420257671741410e+02
7.891771459513988702e+02
7.896122362013961720e+02
7.900472965137654455e+02
7.904823268851050670e+02
7.909173273120139811e+02
7.913522977910909049e+02
7.917872383189344418e+02
7.922221488921436503e+02
7.926570295073171337e+02
7.930918801610538367e+02
7.935267008499521353e+02
7.939614915706114289e+02
7.943962523196298662e+02
7.948309830936066191e+02
7.952656838891402913e+02
7.957003547028295998e+02
7.961349955312736029e+02
7.965696063710707904e+02
7.970041872188201069e+02
7.974387380711202695e+02
7.978732589245698819e+02
7.983077497757680021e+02
7.987422106213131201e+02
7.991766414578044078e+02
7.996110422818402412e+02
8.000454130900196787e+02
8.004797538789412101e+02
8.009140646452037799e+02
8.013483453854062191e+02
8.017825960961471310e+02
8.022168167740254603e+02
8.026510074156399241e+02
8.030851680175892398e+02
8.035192985764721243e+02
8.039533990888875223e+02
8.043874695514342648e+02
8.048215099607108414e+02
8.052555203133161967e+02
8.056895006058490480e+02
8.061234508349083399e+02
8.065573709970925620e+02
8.069912610890006590e+02
8.074251211072314618e+02
8.078589510483835738e+02
8.082927509090559397e+02
8.087265206858472766e+02
8.091602603753561880e+02
8.095939699741818458e+02
8.100276494789225126e+02
8.104612988861774738e+02
8.108949181925448784e+02
8.113285073946242392e+02
8.117620664890137050e+02
8.121955954723124478e+02
8.126290943411190710e+02
8.130625630920325193e+02
8.134960017216512824e+02
8.139294102265741913e+02
8.143627886034003041e+02
8.147961368487279969e+02
8.152294549591563282e+02
8.156627429312840150e+02
8.160960007617097745e+02
8.165292284470324375e+02
8.169624259838507214e+02
8.173955933687634570e+02
8.178287305983693614e+02
8.182618376692672655e+02
8.186949145780557728e+02
8.191279613213340554e+02
8.195609778957004892e+02
8.199939642977539052e+02
8.204269205240932479e+02
8.208598465713172345e+02
8.212927424360244686e+02
8.217256081148138946e+02
8.221584436042843436e+02
8.225912489010345325e+02
8.230240240016631788e+02
8.234567689027691131e+02
8.238894836009509390e+02
8.243221680928076012e+02
8.247548223749378167e+02
8.251874464439404164e+02
8.256200402964142313e+02
8.260526039289577511e+02
8.264851373381701478e+02
8.269176405206497975e+02
8.273501134729957585e+02
8.277825561918066342e+02
8.282149686736813692e+02
8.286473509152186807e+02
8.290797029130171722e+02
8.295120246636757884e+02
8.299443161637933599e+02
8.303765774099684904e+02
8.308088083987998971e+02
8.312410091268867518e+02
8.316731795908274307e+02
8.321053197872208784e+02
8.325374297126656984e+02
8.329695093637608352e+02
8.334015587371051197e+02
8.338335778292971554e+02
8.342655666369357732e+02
8.346975251566199177e+02
8.351294533849479649e+02
8.355613513185190868e+02
8.359932189539317733e+02
8.364250562877850825e+02
8.368568633166773907e+02
8.372886400372079834e+02
8.377203864459751230e+02
8.381521025395780953e+02
8.385837883146152762e+02
8.390154437676853831e+02
8.394470688953877016e+02
8.398786636943203803e+02
8.403102281610827049e+02
8.407417622922729379e+02
8.411732660844904785e+02
8.416047395343337030e+02
8.420361826384013284e+02
8.424675953932922994e+02
8.428989777956052194e+02
8.433303298419392604e+02
8.437616515288925712e+02
8.441929428530645509e+02
8.446242038110536896e+02
8.450554343994585906e+02
8.454866346148783123e+02
8.459178044539114580e+02
8.463489439131569725e+02
8.467800529892133454e+02
8.472111316786797488e+02
8.476421799781545587e+02
8.480731978842368335e+02
8.485041853935251766e+02
8.489351425026184188e+02
8.493660692081152774e+02
8.497969655066145833e+02
8.502278313947152810e+02
8.506586668690159740e+02
8.510894719261152659e+02
8.515202465626122148e+02
8.519509907751054243e+02
8.523817045601937252e+02
8.528123879144759485e+02
8.532430408345508113e+02
8.536736633170170307e+02
8.541042553584734378e+02
8.545348169555188633e+02
8.549653481047519108e+02
8.553958488027715248e+02
8.558263190461764225e+02
8.562567588315654348e+02
8.566871681555372788e+02
8.571175470146905582e+02
8.575478954056244447e+02
8.579782133249373146e+02
8.584085007692282261e+02
8.588387577350955553e+02
8.592689842191385878e+02
8.596991802179558135e+02
8.601293457281461770e+02
8.605594807463082816e+02
8.609895852690408447e+02
8.614196592929429244e+02
8.618497028146128969e+02
8.622797158306499341e+02
8.627096983376524122e+02
8.631396503322195031e+02
8.635695718109499239e+02
8.639994627704420509e+02
8.644293232072950559e+02
8.648591531181075425e+02
8.652889524994784551e+02
8.657187213480062837e+02
8.661484596602900865e+02
8.665781674329285806e+02
8.670078446625201423e+02
8.674374913456642844e+02
8.678671074789591557e+02
8.682966930590037009e+02
8.687262480823967508e+02
8.691557725457371362e+02
8.695852664456236880e+02
8.700147297786547824e+02
8.704441625414295913e+02
8.708735647305467182e+02
8.713029363426051077e+02
8.717322773742032496e+02
8.721615878219402020e+02
8.725908676824145687e+02
8.730201169522250666e+02
8.734493356279706404e+02
8.738785237062500073e+02
8.743076811836619981e+02
8.747368080568051028e+02
8.751659043222784931e+02
8.755949699766806589e+02
8.760240050166104311e+02
8.764530094386667542e+02
8.768819832394481182e+02
8.773109264155536948e+02
8.777398389635817466e+02
8.781687208801314455e+02
8.785975721618015086e+02
8.790263928051904259e+02
8.794551828068973691e+02
8.798839421635207145e+02
8.803126708716596340e+02
8.807413689279126174e+02
8.811700363288786093e+02
8.815986730711562132e+02
8.820272791513442598e+02
8.824558545660415803e+02
8.828843993118470053e+02
8.833129133853592521e+02
8.837413967831769241e+02
8.841698495018990798e+02
8.845982715381242087e+02
8.850266628884513693e+02
8.854550235494791650e+02
8.858833535178063130e+02
8.863116527900317578e+02
8.867399213627541030e+02
8.871681592325722931e+02
8.875963663960849317e+02
8.880245428498910769e+02
8.884526885905892186e+02
8.888808036147780740e+02
8.893088879190567013e+02
8.897369415000235904e+02
8.901649643542779131e+02
8.905929564784179320e+02
8.910209178690427052e+02
8.914488485227511774e+02
8.918767484361417246e+02
8.923046176058134051e+02
8.927324560283649362e+02
8.931602637003949212e+02
8.935880406185023048e+02
8.940157867792859179e+02
8.944435021793444776e+02
8.948711868152765874e+02
8.952988406836813056e+02
8.957264637811571220e+02
8.961540561043030948e+02
8.965816176497176002e+02
8.970091484139999238e+02
8.974366483937485555e+02
8.978641175855620986e+02
8.982915559860397252e+02
8.987189635917798114e+02
8.991463403993815291e+02
8.995736864054431408e+02
9.000010016065639320e+02
9.004282859993425063e+02
9.008555395803775809e+02
9.012827623462678730e+02
9.017099542936122134e+02
9.021371154190095467e+02
9.025642457190583627e+02
9.029913451903576060e+02
9.034184138295059938e+02
9.038454516331023569e+02
9.042724585977455263e+02
9.046994347200338780e+02
9.051263799965666976e+02
9.055532944239424751e+02
9.059801779987601549e+02
9.064070307176184542e+02
9.068338525771159766e+02
9.072606435738515529e+02
9.076874037044241277e+02
9.081141329654324181e+02
9.085408313534750278e+02
9.089674988651511285e+02
9.093941354970588691e+02
9.098207412457975352e+02
9.102473161079658439e+02
9.106738600801623988e+02
9.111003731589860308e+02
9.115268553410353434e+02
9.119533066229096221e+02
9.123797270012070157e+02
9.128061164725268100e+02
9.132324750334674945e+02
9.136588026806277867e+02
9.140850994106067446e+02
9.145113652200028582e+02
9.149376001054150720e+02
9.153638040634421031e+02
9.157899770906827825e+02
9.162161191837358274e+02
9.166422303391999549e+02
9.170683105536741095e+02
9.174943598237567812e+02
9.179203781460472555e+02
9.183463655171435676e+02
9.187723219336451166e+02
9.191982473921503924e+02
9.196241418892582260e+02
9.200500054215674481e+02
9.204758379856767760e+02
9.209016395781850406e+02
9.213274101956907316e+02
9.217531498347931347e+02
9.221788584920906260e+02
9.226045361641819227e+02
9.230301828476661967e+02
9.234557985391419379e+02
9.238813832352080908e+02
9.243069369324630316e+02
9.247324596275060458e+02
9.251579513169356233e+02
9.255834119973505949e+02
9.260088416653497916e+02
9.264342403175318168e+02
9.268596079504956151e+02
9.272849445608397900e+02
9.277102501451633998e+02
9.281355247000650479e+02
9.285607682221433379e+02
9.289859807079973280e+02
9.294111621542256216e+02
9.298363125574271635e+02
9.302614319142004433e+02
9.306865202211445194e+02
9.311115774748578815e+02
9.315366036719397016e+02
9.319615988089884695e+02
9.323865628826030161e+02
9.328114958893820585e+02
9.332363978259243140e+02
9.336612686888288408e+02
9.340861084746941287e+02
9.345109171801190087e+02
9.349356948017025388e+02
9.353604413360429817e+02
9.357851567797396228e+02
9.362098411293908384e+02
9.366344943815956867e+02
9.370591165329526575e+02
9.374837075800608091e+02
9.379082675195188585e+02
9.383327963479252958e+02
9.387572940618792927e+02
9.391817606579793392e+02
9.396061961328243797e+02
9.400306004830130178e+02
9.404549737051441980e+02
9.408793157958167512e+02
9.413036267516291673e+02
9.417279065691803908e+02
9.421521552450691388e+02
9.425763727758943560e+02
9.430005591582546458e+02
9.434247143887488392e+02
9.438488384639756532e+02
9.442729313805339189e+02
9.446969931350223533e+02
9.451210237240397873e+02
9.455450231441850519e+02
9.459689913920567506e+02
9.463929284642539415e+02
9.468168343573751145e+02
9.472407090680189867e+02
9.476645525927846165e+02
9.480883649282706074e+02
9.485121460710757901e+02
9.489358960177988820e+02
9.493596147650387138e+02
9.497833023093942302e+02
9.502069586474638072e+02
9.506305837758463895e+02
9.510541776911409215e+02
9.514777403899460069e+02
9.519012718688603627e+02
9.523247721244829336e+02
9.527482411534125504e+02
9.531716789522475892e+02
9.535950855175873357e+02
9.540184608460300524e+02
9.544418049341750248e+02
9.548651177786205153e+02
9.552883993759658097e+02
9.557116497228092840e+02
9.561348688157498827e+02
9.565580566513864369e+02
9.569812132263175499e+02
9.574043385371420527e+02
9.578274325804587761e+02
9.582504953528665510e+02
9.586735268509639809e+02
9.590965270713500104e+02
9.595194960106232429e+02
9.599424336653826231e+02
9.603653400322268681e+02
9.607882151077545814e+02
9.612110588885648212e+02
9.616338713712560775e+02
9.620566525524272947e+02
9.624794024286774174e+02
9.629021209966047081e+02
9.633248082528085661e+02
9.637474641938872537e+02
9.641700888164397156e+02
9.645926821170647827e+02
9.650152440923612858e+02
9.654377747389278284e+02
9.658602740533633551e+02
9.662827420322664693e+02
9.667051786722360021e+02
9.671275839698708978e+02
9.675499579217695327e+02
9.679723005245311924e+02
9.683946117747543667e+02
9.688168916690375454e+02
9.692391402039802415e+02
9.696613573761803764e+02
9.700835431822374630e+02
9.705056976187498776e+02
9.709278206823164510e+02
9.713499123695360140e+02
9.717719726770071702e+02
9.721940016013288641e+02
9.726159991390999267e+02
9.730379652869189613e+02
9.734599000413847989e+02
9.738818033990963841e+02
9.743036753566522066e+02
9.747255159106512110e+02
9.751473250576922283e+02
9.755691027943737481e+02
9.759908491172948288e+02
9.764125640230540739e+02
9.768342475082504279e+02
9.772558995694826081e+02
9.776775202033492178e+02
9.780991094064493154e+02
9.785206671753812770e+02
9.789421935067442746e+02
9.793636883971369116e+02
9.797851518431580189e+02
9.802065838414062000e+02
9.806279843884805132e+02
9.810493534809795619e+02
9.814706911155019498e+02
9.818919972886467349e+02
9.823132719970127482e+02
9.827345152371983659e+02
9.831557270058026461e+02
9.835769072994244198e+02
9.839980561146622904e+02
9.844191734481152025e+02
9.848402592963817597e+02
9.852613136560605653e+02
9.856823365237509051e+02
9.861033278960513826e+02
9.865242877695604875e+02
9.869452161408772781e+02
9.873661130066001306e+02
9.877869783633284442e+02
9.882078122076605950e+02
9.886286145361954141e+02
9.890493853455313911e+02
9.894701246322678116e+02
9.898908323930033930e+02
9.903115086243367386e+02
9.907321533228664521e+02
9.911527664851913642e+02
9.915733481079105331e+02
9.919938981876226762e+02
9.924144167209263969e+02
9.928349037044204124e+02
9.932553591347035535e+02
9.936757830083747649e+02
9.940961753220328774e+02
9.945165360722762671e+02
9.949368652557038786e+02
9.953571628689147701e+02
9.957774289085074315e+02
9.961976633710806937e+02
9.966178662532333874e+02
9.970380375515640026e+02
9.974581772626715974e+02
9.978782853831551165e+02
9.982983619096130496e+02
9.987184068386441140e+02
9.991384201668470268e+02
9.995584018908209600e+02
9.999783520071645171e+02
1.000398270512476302e+03
1.000818157403355031e+03
1.001238012676399876e+03
1.001657836328209441e+03
1.002077628355382444e+03
1.002497388754517488e+03
1.002917117522213402e+03
1.003336814655069361e+03
1.003756480149683625e+03
1.004176114002655481e+03
1.004595716210583078e+03
1.005015286770065586e+03
1.005434825677701951e+03
1.005854332930090550e+03
1.006273808523830439e+03
1.006693252455519996e+03
1.007112664721758392e+03
1.007532045319144345e+03
1.007951394244276685e+03
1.008370711493754015e+03
1.008789997064174827e+03
1.009209250952138518e+03
1.009628473154243579e+03
1.010047663667088727e+03
1.010466822487272566e+03
1.010885949611394381e+03
1.011305045036052661e+03
1.011724108757846125e+03
1.012143140773373602e+03
1.012562141079233584e+03
1.012981109672025354e+03
1.013400046548347404e+03
1.013818951704798678e+03
1.014237825137977666e+03
1.014656666844483198e+03
1.015075476820914332e+03
1.015494255063869787e+03
1.015913001569947937e+03
1.016331716335747842e+03
1.016750399357868446e+03
1.017169050632908238e+03
1.017587670157466164e+03
1.018006257928140826e+03
1.018424813941530942e+03
1.018843338194235685e+03
1.019261830682853542e+03
1.019680291403983460e+03
1.020098720354223929e+03
1.020517117530173778e+03
1.020935482928431838e+03
1.021353816545597169e+03
1.021772118378268260e+03
1.022190388423043601e+03
1.022608626676522704e+03
1.023026833135303718e+03
1.023445007795985703e+03
1.023863150655167374e+03
1.024281261709447335e+03
1.024699340955424532e+03
1.025117388389697908e+03
1.025535404008865726e+03
1.025953387809527158e+03
1.026371339788281148e+03
1.026789259941726186e+03
1.027207148266460990e+03
1.027625004759084277e+03
1.028042829416194991e+03
1.028460622234392076e+03
1.028878383210274023e+03
1.029296112340439777e+03
1.029713809621488053e+03
1.030131475050017343e+03
1.030549108622626818e+03
1.030966710335915195e+03
1.031384280186480964e+03
1.031801818170923298e+03
1.032219324285840685e+03
1.032636798527832070e+03
1.033054240893495944e+03
1.033471651379431478e+03
1.033889029982237162e+03
1.034306376698511713e+03
1.034723691524854303e+03
1.035140974457863422e+03
1.035558225494138014e+03
1.035975444630276343e+03
1.036392631862877579e+03
1.036809787188540668e+03
1.037226910603864098e+03
1.037644002105446589e+03
1.038061061689887083e+03
1.038478089353784753e+03
1.038895085093737634e+03
1.039312048906344899e+03
1.039728980788204808e+03
1.040145880735916990e+03
1.040562748746079706e+03
1.040979584815291901e+03
1.041396388940152065e+03
1.041813161117258915e+03
1.042229901343212077e+03
1.042646609614609361e+03
1.043063285928050163e+03
1.043479930280132521e+03
1.043896542667456060e+03
1.044313123086619044e+03
1.044729671534220643e+03
1.045146188006859120e+03
1.045562672501133193e+03
1.045979125013642488e+03
1.046395545540985040e+03
1.046811934079759567e+03
1.047228290626565240e+03
1.047644615178000777e+03
1.048060907730664894e+03
1.048477168281156310e+03
1.048893396826073740e+03
1.049309593362015903e+03
1.049725757885581970e+03
1.050141890393370204e+03
1.050557990881980004e+03
1.050974059348009405e+03
1.051390095788057351e+03
1.051806100198723243e+03
1.052222072576605115e+03
1.052638012918302366e+03
1.053053921220413031e+03
1.053469797479536510e+03
1.053885641692271520e+03
1.054301453855216550e+03
1.054717233964970319e+03
1.055132982018131770e+03
1.055548698011300075e+03
1.055964381941073498e+03
1.056380033804050754e+03
1.056795653596830789e+03
1.057211241316012547e+03
1.057626796958194518e+03
1.058042320519975647e+03
1.058457811997954650e+03
1.058873271388730245e+03
1.059288698688901377e+03
1.059704093895066762e+03
1.060119457003825119e+03
1.060534788011775163e+03
1.060950086915515385e+03
1.061365353711645412e+03
1.061780588396763278e+03
1.062195790967468156e+03
1.062610961420358763e+03
1.063026099752033133e+03
1.063441205959091349e+03
1.063856280038131217e+03
1.064271321985751911e+03
1.064686331798551691e+03
1.065101309473130186e+03
1.065516255006085657e+03
1.065931168394016822e+03
1.066346049633522853e+03
1.066760898721201784e+03
1.067175715653653015e+03
1.067590500427475490e+03
1.068005253039267018e+03
1.068419973485627452e+03
1.068834661763155054e+03
1.069249317868448543e+03
1.069663941798106862e+03
1.070078533548728728e+03
1.070493093116912632e+03
1.070907620499258201e+03
1.071322115692363241e+03
1.071736578692827152e+03
1.072151009497248424e+03
1.072565408102225547e+03
1.072979774504358147e+03
1.073394108700244260e+03
1.073808410686482830e+03
1.074222680459672574e+03
1.074636918016412437e+03
1.075051123353301364e+03
1.075465296466937616e+03
1.075879437353920594e+03
1.076293546010848331e+03
1.076707622434320228e+03
1.077121666620934775e+03
1.077535678567290688e+03
1.077949658269987140e+03
1.078363605725622392e+03
1.078777520930795390e+03
1.079191403882104851e+03
1.079605254576150173e+03
1.080019073009528938e+03
1.080432859178840999e+03
1.080846613080684619e+03
1.081260334711658743e+03
1.081674024068362087e+03
1.082087681147393369e+03
1.082501305945351305e+03
1.082914898458834841e+03
1.083328458684442694e+03
1.083741986618773808e+03
1.084155482258426446e+03
1.084568945600000006e+03
1.084982376640092752e+03
1.085395775375303856e+03
1.085809141802231579e+03
1.086222475917475322e+03
1.086635777717633573e+03
1.087049047199305051e+03
1.087462284359088699e+03
1.087875489193582553e+03
1.088288661699386694e+03
1.088701801873098930e+03
1.089114909711318205e+03
1.089527985210643692e+03
1.089941028367673425e+03
1.090354039179007032e+03
1.090767017641242774e+03
1.091179963750979368e+03
1.091592877504815760e+03
1.092005758899350667e+03
1.092418607931183033e+03
1.092831424596911575e+03
1.093244208893134783e+03
1.093656960816451601e+03
1.094069680363461202e+03
1.094482367530761621e+03
1.094895022314952485e+03
1.095307644712631372e+03
1.095720234720398366e+03
1.096132792334851501e+03
1.096545317552589722e+03
1.096957810370211746e+03
1.097370270784316062e+03
1.097782698791502298e+03
1.098195094388368261e+03
1.098607457571513351e+03
1.099019788337536284e+03
1.099432086683035322e+03
1.099844352604609867e+03
1.100256586098858634e+03
1.100668787162379886e+03
1.101080955791772794e+03
1.101493091983636077e+03
1.101905195734568451e+03
1.102317267041168634e+03
1.102729305900035797e+03
1.103141312307767976e+03
1.103553286260964569e+03
1.103965227756224294e+03
1.104377136790145641e+03
1.104789013359327555e+03
1.105200857460368525e+03
1.105612669089867950e+03
1.106024448244424093e+03
1.106436194920636126e+03
1.106847909115101857e+03
1.107259590824421593e+03
1.107671240045192917e+03
1.108082856774014999e+03
1.108494441007486557e+03
1.108905992742206081e+03
1.109317511974773197e+03
1.109728998701785940e+03
1.110140452919843256e+03
1.110551874625543860e+03
1.110963263815486698e+03
1.111374620486270487e+03
1.111785944634493944e+03
1.112197236256755787e+03
